volume 	page 	from v. to v. 	ipage
I	12	1	5	1
I	13	6	11	2
I	14	12	17	3
I	15	18	22	4
I	16	23	27	5
I	17	28	32	6
I	18	33	37a	7
I	19	37b	43	8
I	20	44	48	9
I	21	49	54	10
I	22	55	59	11
I	23	60	65	12
I	24	66	70	13
I	25	71	76	14
I	26	77	82	15
I	27	83	87	16
I	28	88	94	17
I	29	95	99	18
I	30	100	106	19
I	31	107	113	20
I	32	114	118	21
I	33	119	124	22
I	34	125	131	23
I	35	132	137	24
I	36	138	143	25
I	37	144	149	26
I	38	150	155	27
I	39	156	162	28
I	40	163	168	29
I	41	169	174	30
I	42	175	180	31
I	43	181	187	32
I	44	188	193	33
I	45	194	198	34
I	46	199	204	35
I	47	205	210	36
I	48	211	216	37
I	49	217	220	38
I	50	221	225	39
I	51	226	230	40
I	52	231	236	41
I	53	237	241	42
I	54	242	247	43
I	55	248	253	44
I	56	254	259	45
I	57	260	265	46
I	58	266	272	47
I	59	273	278	48
I	60	279	283	49
I	61	284	289	50
I	62	290	294	51
I	63	295	300	52
I	64	301	306	53
I	65	307	311	54
I	66	312	317	55
I	67	318	323	56
I	68	324	329	57
I	69	330	335	58
I	70	336	340	59
I	71	341	344	60
I	72	345	349	61
I	73	350	355	62
I	74	356	362	63
I	75	363	368	64
I	76	369	374	65
I	77	375	378	66
I	78	379	384	67
I	79	385	390	68
I	80	391	394	69
I	81	395	398	70
I	82	399	404	71
I	83	405	408	72
I	84	409	413	73
I	85	414	419	74
I	86	420	424	75
I	87	425	429	76
I	88	430	435	77
I	89	436	439	78
I	90	440	444	79
I	91	445	450	80
I	92	451	457	81
I	93	458	462	82
I	94	463	468	83
I	95	469	472	84
I	96	473	478	85
I	97	479	484	86
I	98	485	490	87
I	99	491	495	88
I	100	496	501	89
I	101	502	507	90
I	102	508	513	91
I	103	514	519	92
I	104	520	525	93
I	105	526	530	94
I	106	531	535	95
I	107	536	541	96
I	108	542	547	97
I	109	548	554	98
I	110	555	560	99
I	111	561	565	100
I	112	566	571	101
I	113	572	575	102
I	114	576	580	103
I	115	581	584	104
I	116	585	589	105
I	117	590	594	106
I	118	595	599	107
I	119	600	605	108
I	120	606	611	109
I	121	612	617	110
I	122	618	622	111
I	123	623	629	112
I	124	630	633	113
I	125	634	636	114
I	126	637	641	115
I	127	642	647	116
I	128	648	652	117
I	129	653	658	118
I	130	659	662	119
I	131	663	665	120
I	132	666	670	121
I	133	671	675	122
I	134	676	680	123
I	135	681	685	124
I	136	686	689	125
I	137	690	695	126
I	138	696	701a	127
I	139	701b	707	128
I	140	708	711	129
I	141	712	718	130
I	142	719	724	131
I	143	725	728	132
I	144	729	733	133
I	145	734	738	134
I	146	739	743	135
I	147	744	749	136
I	148	750	754	137
I	149	755	757	138
I	150	758	761	139
I	151	762	767	140
I	152	768	772	141
I	153	773	776	142
I	154	777	781	143
I	155	782	785	144
I	156	786	789	145
I	157	790	793	146
I	158	794	797	147
I	159	798	802	148
I	160	803	807	149
I	161	808	812	150
I	162	813	817	151
I	163	818	822	152
I	164	823	829	153
I	165	830	832	154
I	166	833	838	155
I	167	839	844	156
I	168	845	851	157
I	169	852	856	158
I	170	857	861	159
I	171	862	867	160
I	172	868	873	161
I	173	874	877	162
I	174	878	883	163
I	175	884	888	164
I	176	889	893	165
I	177	894	900	166
I	178	901	905	167
I	179	906	911	168
I	180	912	917	169
I	181	918	920	170
I	182	921	924	171
I	183	925	929	172
I	184	930	935	173
I	185	936	940	174
I	186	941	946	175
I	187	947	952	176
I	188	953	956	177
I	189	957	962	178
I	190	963	967	179
I	191	968	972	180
I	192	973	976	181
I	193	977	982	182
I	194	983	988	183
I	195	989	994	184
I	196	995	998	185
I	197	999	1004	186
I	198	1005	1011	187
I	199	1012	1016	188
I	200	1017	1021	189
I	201	1022	1027	190
I	202	1028	1033	191
I	203	1034	1039	192
I	204	1040	1045	193
I	205	1046	1050	194
I	206	1051	1054	195
I	207	1055	1061	196
I	208	1062	1066	197
I	209	1067	1072	198
I	210	1073	1078a	199
I	211	1078b	1081	200
I	212	1082	1087	201
I	213	1088	1093	202
I	214	1094	1097	203
I	215	1098	1102	204
I	216	1103	1108	205
I	217	1109	1113	206
I	218	1114	1121	207
I	219	1122	1126	208
I	220	1127	1132	209
I	221	1133	1137	210
I	222	1138	1142	211
I	223	1143	1146	212
I	224	1147	1152	213
I	225	1153	1157	214
I	226	1158	1162	215
I	227	1163	1166	216
I	228	1167	1170	217
I	229	1171	1175	218
I	230	1176	1180	219
I	231	1181	1185	220
I	232	1186	1191	221
I	233	1192	1196	222
I	234	1197	1203	223
I	235	1204	1209	224
I	236	1210	1215	225
I	237	1216	1219	226
I	238	1220	1225	227
I	239	1226	1230	228
I	240	1231	1234	229
I	241	1235	1239	230
I	242	1240	1244	231
I	243	1245	1250	232
I	244	1251	1255	233
I	245	1256	1260	234
I	246	1261	1265	235
I	247	1266	1271	236
I	248	1272	1278	237
I	249	1279	1285	238
I	250	1286	1290	239
I	251	1291	1297	240
I	252	1298	1303	241
I	253	1304	1307	242
I	254	1308	1313	243
I	255	1314	1317	244
I	256	1318	1323	245
I	257	1324	1329	246
I	258	1330	1335	247
I	259	1336	1339	248
I	260	1340	1345	249
I	261	1346	1352	250
I	262	1353	1358	251
I	263	1359	1364	252
I	264	1365	1369	253
I	265	1370	1375	254
I	266	1376	1381	255
I	267	1382	1388	256
I	268	1389	1394	257
I	269	1395	1400	258
I	270	1401	1405	259
I	271	1406	1410	260
I	272	1411	1415	261
I	273	1416	1421	262
I	274	1422	1426	263
I	275	1427	1431	264
I	276	1432	1435	265
I	277	1436	1442	266
I	278	1443	1447	267
I	279	1448	1453	268
I	280	1454	1460	269
I	281	1461	1466	270
I	282	1467	1471	271
I	283	1472	1478	272
I	284	1479	1484	273
I	285	1485	1489	274
I	286	1490	1494	275
I	287	1495	1500	276
I	288	1501	1506	277
I	289	1507	1513	278
I	290	1514	1518	279
I	291	1519	1523	280
I	292	1524	1528	281
I	293	1529	1533	282
I	294	1534	1540	283
I	295	1541	1545	284
I	296	1546	1550	285
I	297	1551	1555	286
I	298	1556	1560	287
I	299	1561	1566	288
I	300	1567	1572	289
I	301	1573	1579a	290
I	302	1579b	1584	291
I	303	1585	1589	292
I	304	1590	1595	293
I	305	1596	1602a	294
I	306	1602b	1608	295
I	307	1609	1614	296
I	308	1615	1619	297
I	309	1620	1625	298
I	310	1626	1629	299
I	311	1630	1634	300
I	312	1635	1639	301
I	313	1640	1644	302
I	314	1645	1649	303
I	315	1650	1654	304
I	316	1655	1660	305
II	7	1661	1665	1
II	8	1666	1671	2
II	9	1672	1675	3
II	10	1676	1681	4
II	11	1682	1687	5
II	12	1688	1692	6
II	13	1693	1697	7
II	14	1698	1704	8
II	15	1705	1710	9
II	16	1711	1715	10
II	17	1716	1720	11
II	18	1721	1725	12
II	19	1726	1730	13
II	20	1731	1736	14
II	21	1737	1742	15
II	22	1743	1749	16
II	23	1750	1752	17
II	24	1753	1756	18
II	25	1757	1760	19
II	26	1761	1765	20
II	27	1766	1770	21
II	28	1771	1774	22
II	29	1775	1780	23
II	30	1781	1785	24
II	31	1786	1790	25
II	32	1791	1796	26
II	33	1797	1801	27
II	34	1802	1807	28
II	35	1808	1812	29
II	36	1813	1819a	30
II	37	1819b	1824	31
II	38	1825	1829	32
II	39	1830	1835	33
II	40	1836	1840	34
II	41	1841	1846	35
II	42	1847	1851	36
II	43	1852	1857	37
II	44	1858	1861	38
II	45	1862	1868	39
II	46	1869	1874	40
II	47	1875	1879	41
II	48	1880	1883	42
II	49	1884	1888	43
II	50	1889	1893	44
II	51	1894	1897	45
II	52	1898	1903	46
II	53	1904	1909	47
II	54	1910	1913	48
II	55	1914	1919	49
II	56	1920	1923	50
II	57	1924	1928	51
II	58	1929	1934	52
II	59	1935	1940	53
II	60	1941	1947	54
II	61	1948	1953	55
II	62	1954	1958	56
II	63	1959	1963	57
II	64	1964	1969	58
II	65	1970	1972	59
II	66	1973	1977a	60
II	67	1977b	1983	61
II	68	1984	1988	62
II	69	1989	1992	63
II	70	1993	1995	64
II	71	1996	2001	65
II	72	2002	2006	66
II	73	2007	2012	67
II	74	2013	2016	68
II	75	2017	2022	69
II	76	2023	2028	70
II	77	2029	2034	71
II	78	2035	2040	72
II	79	2041	2044	73
II	80	2045	2047	74
II	81	2048	2053	75
II	82	2054	2057	76
II	83	2058	2062	77
II	84	2063	2068	78
II	85	2069	2072	79
II	86	2073	2075	80
II	87	2076	2079	81
II	88	2080	2084	82
II	89	2085	2087	83
II	90	2088	2092	84
II	91	2093	2098	85
II	92	2099	2105	86
II	93	2106	2111	87
II	94	2112	2117	88
II	95	2118	2122	89
II	96	2123	2128	90
II	97	2129	2133	91
II	98	2134	2138	92
II	99	2139	2145	93
II	100	2146	2151	94
II	101	2152	2157	95
II	102	2158	2162	96
II	103	2163	2165	97
II	104	2166	2172a	98
II	105	2172b	2176	99
II	106	2177	2180	100
II	107	2181	2185	101
II	108	2186	2190	102
II	109	2191	2196	103
II	110	2197	2201a	104
II	111	2201b	2207	105
II	112	2208	2212	106
II	113	2213	2216	107
II	114	2217	2222a	108
II	115	2222b	2226	109
II	116	2227	2231	110
II	117	2232	2238	111
II	118	2239	2244	112
II	119	2245	2249	113
II	120	2250	2255	114
II	121	2256	2259	115
II	122	2260	2265	116
II	123	2266	2271	117
II	124	2272	2277	118
II	125	2278	2280	119
II	126	2281	2287	120
II	127	2288	2293	121
II	128	2294	2298	122
II	129	2299	2303	123
II	130	2304	2310	124
II	131	2311	2316	125
II	132	2317	2322	126
II	133	2323	2328	127
II	134	2329	2334	128
II	135	2335	2340	129
II	136	2341	2346	130
II	137	2347	2351	131
II	138	2352	2356	132
II	139	2357	2361	133
II	140	2362	2367	134
II	141	2368	2373	135
II	142	2374	2379	136
II	143	2380	2385	137
II	144	2386	2389	138
II	145	2390	2394	139
II	146	2395	2399	140
II	147	2400	2405	141
II	148	2406	2412	142
II	149	2413	2418	143
II	150	2419	2424a	144
II	151	2424b	2429	145
II	152	2430	2436	146
II	153	2437	2442	147
II	154	2443	2448	148
II	155	2449	2455	149
II	156	2456	2459	150
II	157	2460	2463	151
II	158	2464	2470	152
II	159	2471	2476	153
II	160	2477	2482	154
II	161	2483	2487	155
II	162	2488	2493	156
II	163	2494	2499	157
II	164	2500	2506	158
II	165	2507	2511	159
II	166	2512	2516	160
II	167	2517	2520	161
II	168	2521	2525	162
II	169	2526	2529	163
II	170	2530	2535	164
II	171	2536	2541	165
II	172	2542	2546	166
II	173	2547	2552	167
II	174	2553	2559	168
II	175	2560	2565	169
II	176	2566	2571	170
II	177	2572	2577	171
II	178	2578	2582	172
II	179	2583	2587	173
II	180	2588	2590	174
II	181	2591	2595	175
II	182	2596	2600	176
II	183	2601	2605	177
II	184	2606	2611	178
II	185	2612	2616	179
II	186	2617	2622	180
II	187	2623	2627	181
II	188	2628	2630	182
II	189	2631	2635	183
II	190	2636	2640	184
II	191	2641	2643	185
II	192	2644	2649	186
II	193	2650	2654	187
II	194	2655	2659	188
II	195	2660	2663	189
II	196	2664	2669	190
II	197	2670	2673	191
II	198	2674	2678	192
II	199	2679	2684	193
II	200	2685	2689	194
II	201	2690	2694	195
II	202	2695	2699	196
II	203	2700	2705	197
II	204	2706	2711	198
II	205	2712	2717	199
II	206	2718	2722	200
II	207	2723	2727	201
II	208	2728	2732	202
II	209	2733	2737	203
II	210	2738	2742	204
II	211	2743	2748	205
II	212	2749	2753	206
II	213	2754	2759	207
II	214	2760	2764	208
II	215	2765	2769	209
II	216	2770	2773	210
II	217	2774	2777	211
II	218	2778	2781	212
II	219	2782	2785	213
II	220	2786	2789	214
II	221	2790	2795	215
II	222	2796	2799	216
II	223	2800	2803	217
II	224	2804	2811	218
II	225	2812	2818	219
II	226	2819	2823	220
II	227	2824	2828	221
II	228	2829	2832	222
II	229	2833	2838	223
II	230	2839	2843	224
II	231	2844	2848	225
II	232	2849	2854	226
II	233	2855	2859	227
II	234	2860	2865	228
II	235	2866	2871	229
II	236	2872	2876	230
II	237	2877	2880a	231
II	238	2880b	2885	232
II	239	2886	2890	233
II	240	2891	2895	234
II	241	2896	2899	235
II	242	2900	2905	236
II	243	2906	2912	237
II	244	2913	2918	238
II	245	2919	2922	239
II	246	2923	2927	240
II	247	2928	2930	241
II	248	2931	2935	242
II	249	2936	2941	243
II	250	2942	2948	244
II	251	2949	2954	245
II	252	2955	2959	246
II	253	2960	2965	247
II	254	2966	2971	248
II	255	2972	2976	249
II	256	2977	2979	250
II	257	2980	2983	251
II	258	2984	2989	252
II	259	2990	2994	253
II	260	2995	2999	254
II	261	3000	3004	255
II	262	3005	3010	256
II	263	3011	3015	257
II	264	3016	3019	258
II	265	3020	3024	259
II	266	3025	3031	260
II	267	3032	3036	261
II	268	3037	3072	262
II	269	3073	3077	263
II	270	3078	3052	264
II	271	3053	3056	265
II	272	3057	3062	266
II	273	3063	3068	267
II	274	3069	3075	268
II	275	3076	3080	269
II	276	3081	3085	270
II	277	3086	3090	271
II	278	3091	3096	272
II	279	3097	3101	273
II	280	3102	3106	274
II	281	3107	3113	275
II	282	3114	3120	276
II	283	3121	3125	277
II	284	3126	3131	278
II	285	3132	3136	279
II	286	3137	3142	280
II	287	3143	3147	281
II	288	3148	3152	282
II	289	3153	3157	283
II	290	3158	3162	284
II	291	3163	3167	285
II	292	3168	3172	286
II	293	3173	3178	287
II	294	3179	3182	288
II	295	3183	3189	289
II	296	3190	3194	290
II	297	3195	3199	291
II	298	3200	3205	292
II	299	3206	3210	293
II	300	3211	3217	294
II	301	3218	3222	295
II	302	3223	3227	296
II	303	3228	3233	297
II	304	3234	3238	298
II	305	3239	3244	299
II	306	3245	3248	300
II	307	3249	3253	301
II	308	3254	3258	302
II	309	3259	3264	303
II	310	3265	3269	304
II	311	3270	3274	305
II	312	3275	3280	306
II	313	3281	3286	307
II	314	3287	3290	308
II	315	3291	3296	309
II	316	3297	3301	310
II	317	3302	3306	311
II	318	3307	3311a	312
II	319	3311b	3314	313
II	320	3315	3317	314
II	321	3318	3322	315
II	322	3323	3327	316
II	323	3328	3333	317
II	324	3334	3338	318
II	325	3339	3344	319
II	326	3345	3348	320
II	327	3349	3355	321
II	328	3356	3359	322
III	11	3360	3365	1
III	12	3366	3372	2
III	13	3373	3378	3
III	14	3379	3386	4
III	15	3387	3391	5
III	16	3392	3397	6
III	17	3398	3402	7
III	18	3403	3409	8
III	19	3410	3415	9
III	20	3416	3421	10
III	21	3422	3427	11
III	22	3428	3432	12
III	23	3433	3438	13
III	24	3439	3444	14
III	25	3445	3450	15
III	26	3451	3456	16
III	27	3457	3462	17
III	28	3463	3469	18
III	29	3470	3476	19
III	30	3477	3482	20
III	31	3483	3487	21
III	32	3488	3493	22
III	33	3494	3500	23
III	34	3501	3505	24
III	35	3506	3511	25
III	36	3512	3516	26
III	37	3517	3522	27
III	38	3523	3526	28
III	39	3527	3532	29
III	40	3533	3538	30
III	41	3539	3545	31
III	42	3546	3551	32
III	43	3552	3556	33
III	44	3557	3562	34
III	45	3563	3568	35
III	46	3569	3572	36
III	47	3573	3577	37
III	48	3578	3583	38
III	49	3584	3588	39
III	50	3589	3594	40
III	51	3595	3600	41
III	52	3601	3606	42
III	53	3607	3613	43
III	54	3614	3619	44
III	55	3620	3626	45
III	56	3627	3632	46
III	57	3633	3638	47
III	58	3639	3644	48
III	59	3645	3649	49
III	60	3650	3655	50
III	61	3656	3661	51
III	62	3662	3666	52
III	63	3667	3672	53
III	64	3673	3678	54
III	65	3679	3683	55
III	66	3684	3689	56
III	67	3690	3695	57
III	68	3696	3701	58
III	69	3702	3707	59
III	70	3708	3713	60
III	71	3714	3719	61
III	72	3720	3725	62
III	73	3726	3731	63
III	74	3732	3737	64
III	75	3738	3742	65
III	76	3743	3748	66
III	77	3749	3753	67
III	78	3754	3757	68
III	79	3758	3763	69
III	80	3764	3768	70
III	81	3769	3775	71
III	82	3776	3781	72
III	83	3782	3787	73
III	84	3788	3793	74
III	85	3794	3798	75
III	86	3799	3804	76
III	87	3805	3809	77
III	88	3810	3814	78
III	89	3815	3820	79
III	90	3821	3825	80
III	91	3826	3831	81
III	92	3832	3837	82
III	93	3838	3841	83
III	94	3842	3844	84
III	95	3845	3849	85
III	96	3850	3855	86
III	97	3856	3860	87
III	98	3861	3865	88
III	99	3866	3870	89
III	100	3871	3876	90
III	101	3877	3882	91
III	102	3883	3888	92
III	103	3889	3892	93
III	104	3893	3898	94
III	105	3899	3904	95
III	106	3905	3910	96
III	107	3911	3916	97
III	108	3917	3921	98
III	109	3922	3928	99
III	110	3929	3932	100
III	111	3933	3937	101
III	112	3938	3942	102
III	113	3943	3947	103
III	114	3948	3952	104
III	115	3953	3958	105
III	116	3959	3964	106
III	117	3965	3970	107
III	118	3971	3977	108
III	119	3978	3982	109
III	120	3983	3988	110
III	121	3989	3993	111
III	122	3994	3997	112
III	123	3998	4003	113
III	124	4004	4009	114
III	125	4010	4015	115
III	126	4016	4021	116
III	127	4022	4027	117
III	128	4028	4033	118
III	129	4034	4039	119
III	130	4040	4045	120
III	131	4046	4051	121
III	132	4052	4055	122
III	133	4056	4060	123
III	134	4061	4066	124
III	135	4067	4071	125
III	136	4072	4077	126
III	137	4078	4080	127
III	138	4081	4087	128
III	139	4088	4093	129
III	140	4094	4098	130
III	141	4099	4103	131
III	142	4104	4108	132
III	143	4109	4113	133
III	144	4114	4120	134
III	145	4121	4126	135
III	146	4127	4131	136
III	147	4132	4135	137
III	148	4136	4140	138
III	149	4141	4146	139
III	150	4147	4152	140
III	151	4153	4158	141
III	152	4159	4163	142
III	153	4164	4169	143
III	154	4170	4174	144
III	155	4175	4180	145
III	156	4181	4186	146
III	157	4187	4192	147
III	158	4193	4199	148
III	159	4200	4205	149
III	160	4206	4210	150
III	161	4211	4216	151
III	162	4217	4222	152
III	163	4223	4228	153
III	164	4229	4234	154
III	165	4235	4239	155
III	166	4240	4246	156
III	167	4247	4253	157
III	168	4254	4258	158
III	169	4259	4264	159
III	170	4265	4268	160
III	171	4269	4273	161
III	172	4274	4278	162
III	173	4279	4284	163
III	174	4285	4289	164
III	175	4290	4295	165
III	176	4296	4301	166
III	177	4302	4306	167
III	178	4307	4311	168
III	179	4312	4318	169
III	180	4319	4324	170
III	181	4325	4330	171
III	182	4331	4336	172
III	183	4337	4342	173
III	184	4343	4348	174
III	185	4349	4354	175
III	186	4355	4361	176
III	187	4362	4368	177
III	188	4369	4374	178
III	189	4375	4380	179
III	190	4381	4387	180
III	191	4388	4393	181
III	192	4394	4399	182
III	193	4400	4405	183
III	194	4406	4411	184
III	195	4412	4417	185
III	196	4418	4423	186
III	197	4424	4429	187
III	198	4430	4436	188
III	199	4437	4441	189
III	200	4442	4447	190
III	201	4448	4454	191
III	202	4455	4460	192
III	203	4461	4465	193
III	204	4466	4471	194
III	205	4472	4476	195
III	206	4477	4483	196
III	207	4484	4488	197
III	208	4489	4493	198
III	209	4494	4499	199
III	210	4500	4506	200
III	211	4507	4512	201
III	212	4513	4517	202
III	213	4518	4523	203
III	214	4524	4530	204
III	215	4531	4535	205
III	216	4536	4541	206
III	217	4542	4545	207
III	218	4546	4552	208
III	219	4553	4559	209
III	220	4560	4564	210
III	221	4565	4569	211
III	222	4570	4575	212
III	223	4576	4581	213
III	224	4582	4587	214
III	225	4588	4593	215
III	226	4594	4599	216
III	227	4600	4604	217
III	228	4605	4609	218
III	229	4610	4616	219
III	230	4617	4621	220
III	231	4622	4627	221
III	232	4628	4633	222
III	233	4634	4639	223
III	234	4640	4646	224
III	235	4647	4651	225
III	236	4652	4657	226
III	237	4658	4663	227
III	238	4664	4668	228
III	239	4669	4673	229
III	240	4674	4679	230
III	241	4680	4684	231
III	242	4685	4690	232
III	243	4691	4696	233
III	244	4697	4702	234
III	245	4703	4707	235
III	246	4708	4713	236
III	247	4714	4718	237
III	248	4719	4722	238
III	249	4723	4728	239
III	250	4729	4733	240
III	251	4734	4739	241
III	252	4740	4745	242
III	253	4746	4751	243
III	254	4752	4758	244
III	255	4759	4765	245
III	256	4766	4771	246
III	257	4772	4777	247
III	258	4778	4783	248
III	259	4784	4790	249
III	260	4791	4796	250
III	261	4797	4803	251
III	262	4804	4809	252
III	263	4810	4815	253
III	264	4816	4820	254
III	265	4821	4825	255
III	266	4826	4832	256
III	267	4833	4838	257
III	268	4839	4844	258
III	269	4845	4849	259
III	270	4850	4856	260
III	271	4857	4862	261
III	272	4863	4869	262
III	273	4870	4875	263
III	274	4876	4882	264
III	275	4883	4888	265
III	276	4889	4894	266
III	277	4895	4900	267
III	278	4901	4907	268
III	279	4908	4913	269
III	280	4914	4919	270
III	281	4920	4927	271
III	282	4928	4932	272
III	283	4933	4938	273
III	284	4939	4945	274
III	285	4946	4952	275
III	286	4953	4957	276
III	287	4958	4964	277
III	288	4965	4969	278
III	289	4970	4975	279
III	290	4976	4981	280
III	291	4982	4988	281
III	292	4989	4994	282
III	293	4995	4999	283
III	294	5000	5005	284
III	295	5006	5012	285
III	296	5013	5017	286
III	297	5018	5023	287
III	298	5024	5029	288
III	299	5030	5035	289
III	300	5036	5042	290
III	301	5043	5048	291
III	302	5049	5054	292
III	303	5055	5061	293
III	304	5062	5067	294
III	305	5068	5073	295
III	306	5074	5079	296
III	307	5080	5084	297
III	308	5085	5091	298
III	309	5092	5097	299
III	310	5098	5102	300
III	311	5103	5107	301
III	312	5108	5113	302
III	313	5114	5119	303
III	314	5120	5125	304
III	315	5126	5131	305
III	316	5132	5137	306
III	317	5138	5143	307
III	318	5144	5148	308
III	319	5149	5155	309
III	320	5156	5161	310
III	321	5162	5166	311
III	322	5167	5172	312
III	323	5173	5178	313
III	324	5179	5184	314
III	325	5185	5190	315
III	326	5191	5196	316
III	327	5197	5202	317
III	328	5203	5209	318
III	329	5210	5215	319
III	330	5216	5221	320
III	331	5222	5226	321
III	332	5227	5230	322
III	333	5231	5235	323
III	334	5236	5241	324
III	335	5242	5247	325
III	336	5248	5251	326
III	337	5252	5257	327
III	338	5258	5262	328
III	339	5263	5268	329
III	340	5269	5275	330
III	341	5276	5281	331
III	342	5282	5287	332
III	343	5288	5293	333
III	344	5294	5298	334
III	345	5299	5304	335
III	346	5305	5309	336
III	347	5310	5315	337
III	348	5316	5320	338
III	349	5321	5325	339
III	350	5326	5331	340
III	351	5332	5337	341
III	352	5338	5343	342
III	353	5344	5349	343
III	354	5350	5355	344
III	355	5356	5362	345
III	356	5363	5369	346
III	357	5370	5374	347
III	358	5375	5379	348
III	359	5380	5384	349
III	360	5385	5390	350
III	361	5391	5395	351
III	362	5396	5401	352
III	363	5402	5407	353
III	364	5408	5413	354
III	365	5414	5418	355
III	366	5419	5419	356
